0.564868
2.326058
2.913443
2.185335
3.729809
3.703896
1.728715
4.655287
3.044529
1.054191
4.146596
0.242160
3.250259
4.042023
3.089783
4.869938
2.789942
3.288007
2.717608
2.003649
1.213812
3.496413
4.184838
0.962474
1.385433
1.855730
2.491200
4.390882
3.619982
4.819198
0.166887
4.184850
2.145255
3.080330
1.370185
0.875065
1.784226
3.098900
0.530351
4.828755
4.153092
4.676948
0.070915
2.403351
3.718970
3.160698
2.273289
1.508913
1.448705
4.990898
3.512561
2.662517
3.487310
2.697399
3.624991
4.872743
4.553130
1.116192
4.263625
3.173111
0.935389
4.430512
2.357961
3.080645
2.510842
3.728146
3.955709
4.295068
1.827047
4.486061
4.123823
0.980138
4.163008
4.194738
3.383489
2.881978
2.355437
0.656778
4.390891
3.804141
0.647676
2.903452
1.466658
4.134986
0.600852
0.091649
4.007729
0.153981
1.207841
3.271355
3.327093
2.143230
2.701867
0.685054
0.223875
0.212709
4.413200
4.179584
4.507777
1.240247
3.665645
3.631600
2.220385
2.828653
2.826338
0.603874
0.710632
0.181774
1.260652
0.101523
3.985916
1.908328
3.004975
0.452574
1.043314
3.605827
0.544223
0.051044
3.759808
1.752064
3.322398
2.086901
3.895295
1.024265
2.771955
4.119170
1.236973
2.185156
3.298754
0.744750
3.425402
1.964399
4.376350
0.645787
4.793053
2.202688
1.249662
0.503684
2.384462
2.510314
0.605207
1.370378
4.418642
3.610182
1.822952
0.461956
2.216009
2.367175
0.513000
0.975817
4.119240
3.835398
3.062718
3.014535
4.859663
0.834673
2.133705
1.096636
3.019828
0.432459
1.841386
1.445231
2.396858
1.217736
2.091018
2.189911
3.420423
3.340680
2.693595
0.804885
0.850994
3.298802
2.175263
0.269636
1.908984
3.998215
0.731592
4.124993
1.365391
1.244592
0.100810
0.484631
0.079990
3.163527
3.499165
4.939653
3.998200
0.632870
1.036289
2.018029
1.065329
2.877675
3.463260
3.462187
4.095410
0.554278
0.652098
2.515834
3.894958
3.345693
3.320719
4.745952
1.644496
0.495982
0.015588
3.553480
4.494198
0.747180
2.678473
0.859588
1.991772
2.779283
1.344219
2.071761
0.942810
4.843384
2.011414
4.941010
0.476254
3.047703
1.959039
1.541583
0.925377
0.422299
0.003770
0.020788
0.976577
0.655869
2.536621
4.871535
4.001562
0.857340
4.617487
0.646058
1.353323
4.633074
4.199538
0.847520
0.380254
1.878011
1.707109
2.372026
4.657293
3.051328
4.443787
0.600103
2.894712
1.455201
0.541114
3.370967
4.502904
2.500153
4.912550
0.428281
2.922452
4.916320
0.449069
3.899030
0.572189
2.985690
3.770565
4.573751
3.843031
3.388052
0.219808
0.196354
3.021126
4.419346
1.043874
3.401380
1.297357
2.750983
0.773406
0.954651
0.802311
0.217193
1.554754
3.697023
1.672394
2.095868
2.067990
1.175298
4.596021
1.980540
1.603579
2.518474
1.896860
2.052648
1.417503
2.469049
0.038338
0.188068
2.042799
3.881369
3.576119
2.262608
4.077723
1.597246
1.681954
0.121597
4.998626
2.979311
2.872579
0.772032
3.933962
3.674890
0.989224
0.488716
2.371914
2.661619
2.584584
4.439904
3.836916
2.180605
1.420443
0.440495
4.699079
3.317303
2.493143
1.116582
0.786352
2.531482
1.304650
2.829152
1.412851
4.880769
0.091759
0.490573
1.478015
1.773714
0.612170
1.476641
4.753025
3.484749
2.248672
3.686987
2.159639
3.237897
4.175703
4.531553
0.899515
1.760287
3.971456
4.736432
3.940892
0.391900
0.176927
3.639971
3.709203
2.670070
4.756553
4.495555
0.201552
1.061203
2.324707
1.614403
0.941972
2.416466
2.104976
2.419987
4.190180
2.717145
3.896628
3.943205
1.201894
1.145300
2.630192
3.361534
4.383197
1.805895
2.893087
0.282712
3.566182
1.864543
0.019143
2.507074
2.256443
0.196070
1.147045
0.965646
2.866141
0.903598
0.461201
3.067693
1.964801
2.785908
4.682095
2.906774
0.202374
1.787071
0.326761
4.392554
4.504216
4.223389
3.335759
0.706110
0.368688
0.965951
4.067644
4.751885
2.771846
1.960731
0.034597
1.338028
3.825274
0.053740
3.845102
1.081717
0.249810
4.992147
2.047362
3.115951
0.895746
2.508564
1.183643
2.860547
0.294472
0.865738
0.767321
0.496846
2.652809
1.094082
4.889400
2.157025
0.317470
3.225160
2.863135
0.686159
4.191111
1.930780
0.438044
1.962956
3.891511
0.472640
3.300984
2.716784
0.526380
2.146086
3.798501
0.776190
2.138233
0.845863
3.892141
3.033979
3.354427
0.075784
0.894526
3.648899
0.941522
1.661847
4.145745
3.594331
2.755928
4.035145
0.751356
3.073398
2.260305
3.614492
3.759557
1.451415
0.545271
4.197601
3.414372
4.436782
4.670241
1.715356
2.153566
0.196621
3.861442
0.952067
0.972811
0.999675
1.797931
4.864952
4.033654
0.152358
4.940736
4.928180
3.801256
0.882258
1.590026
2.947001
4.476590
4.345954
1.982146
0.227946
2.419353
4.242450
3.842437
1.178910
0.693866
4.387709
0.376510
4.108237
3.824491
0.046751
0.823593
0.978057
0.243372
4.685035
1.930124
1.216183
0.684710
3.728055
1.081135
4.718364
3.880412
1.021871
4.646543
2.681668
1.904130
1.236569
0.628669
1.380719
0.582524
2.610815
1.608665
3.001877
1.853265
0.451102
4.180786
2.547131
4.838811
4.557297
1.655368
3.663302
4.604048
2.478961
4.641359
4.847420
2.163996
1.571483
1.063603
2.848706
0.299537
2.144738
2.567070
4.179949
3.166610
2.213613
1.861618
0.070739
3.450182
2.490287
1.451459
4.032706
0.101102
3.060124
2.034583
1.954367
3.511226
1.215369
4.501498
3.350037
0.772666
1.156866
2.013339
0.376714
3.635827
1.654698
0.224134
0.799824
3.226180
1.287737
3.648530
3.525718
3.432475
1.215599
2.705667
1.599085
3.429212
4.567285
1.669824
1.879394
2.057572
3.121283
0.912101
2.158674
1.181407
2.946684
4.113041
4.692633
4.162053
3.614539
3.042670
4.934719
4.771405
0.056009
0.311433
3.407233
1.710707
0.535567
4.207056
4.936887
1.823304
2.855586
3.462605
0.255780
4.071185
1.168272
1.854865
2.500397
0.735557
3.524689
4.379792
2.793129
1.645972
0.291892
4.951803
2.827379
3.238576
4.064844
2.520012
2.400629
2.679383
0.562682
2.335348
2.450788
0.618691
2.646781
0.858021
2.329398
3.182348
0.065078
2.266285
0.005652
2.920664
0.728890
0.261432
1.991849
1.897162
2.116296
4.492246
2.632720
0.640985
3.872037
0.425849
2.286957
4.163929
0.377652
0.114336
2.402505
4.442495
2.634348
4.803134
2.121878
3.197029
2.138481
4.572667
3.815720
4.785262
0.430688
1.145118
2.967610
0.495765
3.411403
2.973262
3.416429
4.140293
3.234694
0.408278
1.037456
0.350990
4.900523
3.670175
0.991975
3.772561
4.096024
3.278932
2.936490
4.473676
3.393268
0.338995
3.916171
1.027616
0.142129
1.038049
4.224645
2.280610
0.610716
3.040365
2.065872
1.041404
4.185483
0.033482
1.537170
2.596886
3.006745
4.953599
1.737180
1.241438
0.361876
2.774635
1.592428
0.262400
1.444811
2.584404
4.034961
0.540834
0.863336
1.971451
0.014510
4.256604
2.310446
3.930681
0.284220
2.452575
4.968730
4.508865
4.733185
0.579446
2.549230
1.799057
1.620850
1.734714
1.832540
3.158020
4.331600
4.839284
3.111619
1.068780
1.080723
3.473495
3.843415
2.673151
3.735895
0.288226
0.257555
2.770855
0.829060
1.120891
4.742306
0.843570
0.377495
2.052752
4.774251
0.661715
4.505327
4.742981
0.170580
4.238512
0.322428
2.719810
1.037569
1.943278
4.454524
2.870109
0.101298
3.786124
2.709393
3.212917
4.854904
3.790116
1.686412
3.698319
1.463268
0.422306
3.986545
1.720823
3.193161
4.815605
2.841713
2.935467
0.659175
3.219208
4.988219
0.433426
3.880923
4.493546
0.176407
4.051503
3.732057
0.498835
1.771312
4.769626
2.442113
1.225836
2.639735
2.543412
0.011960
0.349128
0.756329
4.866863
4.139244
2.442740
3.565182
0.602512
2.865047
2.551727
2.323335
1.058208
2.367332
0.165048
3.993675
3.026506
3.384256
3.981894
3.459932
2.265179
3.475440
3.636340
1.316682
2.207497
4.135175
3.087994
1.977123
1.577288
4.313830
4.616858
4.120700
4.325790
4.965986
4.877029
4.192653
4.105231
2.319770
2.757836
4.707743
0.184816
0.309562
2.031077
1.243024
2.676894
2.196126
0.236700
0.703401
0.580382
4.218594
4.163333
2.845561
2.694034
2.799673
4.162243
4.901531
1.934848
2.250237
1.878654
3.512136
1.564068
1.495512
2.632837
0.889858
1.461499
2.509866
0.082511
0.566730
4.829635
2.840347
0.274472
0.014452
3.149909
2.305550
1.257476
0.826803
4.501675
1.494176
1.530204
0.082057
0.712770
0.693537
2.927619
3.406804
3.493210
2.089862
3.308335
0.428058
4.340099
0.186989
3.940194
0.904166
1.682501
1.573030
1.794024
3.144000
4.082896
1.876535
3.710730
3.912531
4.716882
3.985202
3.926983
2.866792
1.290752
0.184459
3.693595
0.792428
1.678635
0.223799
0.874485
2.391404
0.917336
3.802103
0.798208
4.410546
0.891965
4.106543
4.838603
0.232064
4.293532
3.778797
1.136230
0.976033
0.351827
2.930255
4.120034
4.434723
4.806790
2.830764
3.347255
4.523672
1.815966
2.274238
2.390464
3.106718
2.458696
1.084059
3.899146
4.137331
1.307858
4.773631
1.528735
2.225194
3.575734
2.326943
1.635739
4.467699
1.433486
1.474343
4.699763
0.727018
0.253140
0.835993
1.703051
0.604967
3.766248
0.823085
0.039691
3.573038
3.653849
3.386945
3.096710
0.469815
0.661183
0.487174
3.576533
3.119879
1.571233
2.475678
2.257210
2.879091
2.249309
3.785945
0.104284
0.825043
1.112889
1.740024
0.292742
2.546375
3.214367
4.992505
3.273393
3.467506
0.828499
4.976444
4.072473
4.594747
0.799530
4.112164
3.167785
4.453378
2.499109
1.264495
4.923193
3.160292
1.751669
3.499726
1.280171
3.322902
0.975404
3.537381
1.201992
3.224713
2.323327
1.306276
4.049756
3.436215
3.046300
4.342498
0.982590
1.260667
4.335003
4.255983
4.728173
0.163502
4.232428
3.800647
4.758248
0.031957
2.912811
2.926033
4.485335
0.411920
4.190528
4.408528
3.572212
0.942197
2.908254
4.852383
4.265098
3.883658
3.389765
0.467090
2.108371
0.713091
1.773367
1.158126
4.149306
4.819667
0.500624
0.131896
1.080334
4.835627
4.387880
0.808507
4.999129
3.620307
4.609154
4.757377
3.652264
2.521965
2.683410
3.137600
2.933885
1.873938
2.546128
1.506097
2.816134
0.454382
1.358480
2.081232
4.338040
4.748245
2.548323
1.446411
0.461336
4.321690
2.604537
4.610642
4.141357
3.105162
4.742539
0.221691
2.940789
4.130419
1.030198
2.939917
2.750726
0.639352
2.697294
1.402990
3.161316
0.380704
4.540590
1.095201
2.254642
2.086719
2.601298
0.070776
2.541101
3.959779
2.152008
1.879141
3.708024
4.700331
3.325552
4.169360
4.022020
0.930090
3.780002
3.163377
4.035251
3.522541
3.385068
1.976040
2.652960
4.415265
4.915957
0.403686
0.054617
2.613251
1.806676
3.215933
2.993955
1.347266
4.311135
0.248597
3.433985
1.912433
0.319372
0.975086
0.872211
2.471381
2.854227
4.580235
2.171711
1.179779
3.749594
1.193732
2.109869
2.529597
4.357109
1.145120
1.052138
2.742177
3.121160
3.705097
2.157442
3.037117
4.108783
2.212059
0.650368
0.915459
0.427992
3.644323
2.262725
4.739127
3.892920
0.696710
1.651560
4.212292
1.671796
2.523771
1.683673
4.526024
2.104005
3.855384
0.705803
0.853600
0.049116
2.815672
3.383196
4.406225
3.960792
4.435334
2.148402
2.081952
3.140431
4.305843
0.119069
2.249214
1.517902
0.769437
3.164673
1.945895
4.413760
0.427399
1.685021
3.306680
1.124109
3.336581
2.518972
2.795906
0.860352
4.202645
2.321929
2.964357
3.058029
3.027732
3.817957
3.107145
0.843404
2.201153
2.513370
4.804196
1.636488
4.661771
1.886148
4.776919
3.967615
2.005217
2.026133
0.485517
2.774654
0.190807
2.431412
2.188414
0.618206
4.116433
0.495094
1.742315
2.453014
3.014066
4.538220
3.313366
2.216711
1.860149
1.277723
0.274740
4.887882
0.095680
3.381885
0.731286
2.296833
0.895255
0.535482
3.933321
0.557026
2.421630
3.710240
4.524641
4.426847
0.736373
0.010158
2.201501
0.927180
2.441570
4.389916
1.545386
1.558003
4.885010
3.287701
4.011017
2.899076
2.825921
2.324383
0.115787
4.686070
3.602106
0.390527
4.573952
3.697786
3.772412
0.305238
0.994619
4.667667
0.840719
4.927940
0.224694
3.262349
3.638180
4.749335
2.689197
4.374553
4.759493
4.890698
0.301733
2.201063
4.280614
1.847119
3.759066
4.165624
0.134820
2.770083
2.064700
2.960741
0.094466
2.180488
2.646811
3.696571
2.571015
2.220763
2.394357
1.343427
2.526001
3.388977
1.011095
3.366720
3.316917
1.235788
1.629069
1.955097
0.985123
4.318266
1.329650
0.744616
4.208964
1.631384
2.945679
3.489577
3.478503
1.704745
2.655201
3.613323
4.474827
4.719901
1.574063
4.569293
1.900388
4.220874
3.265865
4.471403
1.441637
0.660222
0.814831
3.967638
4.049198
1.825925
2.334357
2.366115
3.061714
3.963427
4.321212
4.046837
3.281692
0.650863
4.791453
2.490656
2.282246
2.737131
0.980233
0.760749
4.441876
3.635434
4.374072
3.916703
3.355335
0.948135
3.485997
0.255723
0.169009
1.751861
4.727127
1.610646
2.412083
0.541957
0.578284
1.461282
2.367883
2.912641
3.827397
0.429597
1.876068
3.148609
4.476433
0.157760
3.799472
4.267886
2.648416
1.081718
2.005017
3.628649
1.842468
1.446893
2.264083
1.216539
0.363597
0.619418
2.164674
3.849593
0.875141
2.333684
0.601455
0.602268
3.944330
3.013538
1.144225
4.522614
4.474820
3.512108
2.435255
3.302217
3.941704
4.311323
1.450826
3.418138
4.469083
0.250297
2.686024
2.117500
1.332016
4.691041
0.746149
3.174483
1.137934
3.010232
4.391023
1.501531
3.629650
1.555697
0.351124
4.504792
3.889381
0.952579
0.107059
2.833710
3.966117
1.251285
2.356324
3.440937
4.763392
4.791579
1.743153
3.705097
4.102902
3.193979
2.123235
3.571985
3.444276
4.809258
0.689485
4.776292
4.500299
1.435634
2.950775
0.638233
4.445866
2.341797
2.139764
3.075517
3.897494
2.490888
2.580308
2.786875
3.443467
2.687368
0.620585
2.409584
3.938652
2.976910
0.850520
3.702045
2.768489
2.593673
2.407142
1.871391
0.787652
4.530376
0.443376
4.231928
4.339635
1.132861
4.008220
3.839933
2.568495
1.958995
4.478166
2.014362
4.300792
1.617930
0.089879
3.198287
4.108818
2.670187
0.985162
2.552285
0.357555
1.605747
4.961869
4.296208
4.582657
0.812389
2.998252
2.351145
3.406063
0.405394
4.222536
4.193715
4.935771
4.665913
3.425643
4.275405
0.798774
2.433863
3.115339
3.367269
4.392858
2.593505
0.381631
3.693651
4.211435
0.471510
1.891938
3.320253
3.141697
2.877100
0.872539
3.499253
4.482847
0.834408
2.795460
4.065504
1.646797
0.793713
1.416649
0.052860
1.199107
0.639185
4.246575
1.134878
0.305098
2.672218
0.410283
1.103872
0.106082
3.525622
4.471141
4.498940
1.119127
4.852773
3.192591
0.330562
0.324283
0.084529
3.650815
3.465980
2.961628
4.523354
1.965233
2.444475
0.357761
4.760693
1.509979
2.004559
0.554406
2.926628
2.057419
1.753513
3.565813
1.303994
2.888391
3.870911
3.976212
3.298674
4.974783
4.082294
1.824295
4.445924
3.581234
2.943422
4.298697
1.773825
3.273984
4.622980
1.858353
1.924799
3.088960
4.819981
1.448153
0.054193
2.264456
1.805915
4.814887
3.774435
3.810473
0.369293
1.701062
0.867892
2.122806
0.266876
2.171885
0.011197
4.137787
1.148097
3.309870
4.112570
0.230391
0.134166
3.558494
3.811625
3.077588
2.857191
0.585450
1.351571
2.480171
2.443803
3.276371
0.569132
2.263784
4.724524
0.623325
4.528240
1.530438
0.438212
3.302675
0.340911
0.807505
0.003738
1.208803
2.930310
0.270613
3.380689
2.941507
4.408400
4.528786
1.251377
3.520970
4.759177
1.385543
2.079464
3.570802
4.463130
4.936655
4.156252
0.814702
2.416827
1.600055
4.091073
2.985958
3.863839
3.815596
3.609284
3.392079
0.346034
4.047496
1.694754
0.686946
4.855000
1.698492
1.895749
2.785311
1.969105
0.276437
0.726818
1.377505
4.805223
1.978195
4.898474
4.564401
3.363738
1.977938
3.135203
2.826869
1.914594
2.291455
3.641570
4.331420
3.891509
2.732643
2.317379
2.755348
1.548239
0.926662
1.147427
1.894274
4.974158
2.842181
2.581219
4.829158
4.540673
4.476968
2.614469
1.509777
4.753406
3.341287
2.887282
4.558629
0.319482
2.785756
4.123030
3.683220
4.763694
2.258232
1.510089
1.678288
4.549687
0.151659
1.009708
3.441196
2.884302
3.327087
1.196544
4.432542
4.253749
2.343971
1.326815
4.227907
0.186152
3.908035
4.057065
4.726825
3.385003
1.671535
1.236602
3.138409
0.012822
4.123884
2.697038
0.332304
1.909640
1.820067
4.015525
1.673335
4.078300
0.525613
3.351622
3.627987
0.677273
4.361331
2.069183
3.561575
2.688417
3.265727
2.994117
1.942166
0.609699
4.320932
1.170073
0.795851
3.228966
0.227139
0.522676
1.613969
1.898673
1.759278
4.752378
1.911495
0.883162
2.449415
2.243799
2.792803
4.269483
1.259324
4.466137
3.347782
1.784937
2.817760
1.975769
2.462210
2.179090
4.044952
1.023785
4.867507
2.310679
4.017901
1.809673
2.920377
3.338833
2.979747
3.716228
1.567799
3.206885
4.238904
3.181768
0.105558
0.998182
2.934146
2.017054
1.881345
0.383561
4.260853
4.674147
4.653044
0.520177
4.140284
3.000826
2.305114
1.958044
4.976595
4.767324
4.137134
4.021546
0.791109
4.004641
1.332225
4.809010
0.814315
4.252602
3.147843
3.794061
2.968831
4.715643
2.000947
2.207735
2.897411
2.106505
3.205917
0.831557
4.123558
0.087262
1.215119
3.384411
4.761409
0.868163
3.904588
3.901694
3.868989
1.209702
0.859738
3.845584
0.977025
4.996872
2.867130
1.768134
4.001513
4.199355
1.577144
4.815828
3.451958
4.724988
3.609890
1.420789
4.440630
0.610836
3.628524
2.338041
2.717341
1.834441
3.169598
1.840899
1.921703
4.384717
0.225311
1.683112
0.252880
4.129898
0.584806
4.121869
0.339600
1.444544
2.967452
1.316626
1.441416
0.834583
3.084760
0.442929
0.033938
4.661904
0.258757
3.485896
4.386892
3.868647
4.906684
3.827522
4.479483
3.535208
1.165563
2.196824
0.369649
4.335162
4.037723
2.291352
3.719879
4.263034
3.974464
3.972759
3.392932
4.559270
3.094627
3.732533
1.003814
1.062080
0.049158
2.445230
1.896662
3.133918
2.888160
1.930600
2.795822
3.146917
0.416496
2.182713
2.015564
0.323180
1.010235
1.495047
3.858388
2.175798
3.691871
4.228037
1.510960
2.729595
1.519389
0.230839
1.992629
0.493853
4.203597
0.385561
0.053124
2.298225
4.118094
1.056938
3.360304
4.167252
3.502169
0.256966
2.301169
1.390328
2.187566
0.096991
4.537245
2.604062
2.279705
1.552809
2.927242
3.289940
3.047856
1.785631
0.465738
1.739727
1.013668
1.976698
4.469322
2.533057
2.207537
1.461951
3.026910
1.411135
1.847512
3.080034
3.709359
0.965605
4.136972
2.069663
0.132857
2.639141
2.326629
2.434026
4.029469
4.514195
2.531018
3.566714
2.118257
4.810722
0.119523
0.045499
3.100662
3.167379
1.831130
3.566400
4.907107
2.844798
0.543099
4.376429
0.377855
2.750636
0.838379
3.404765
4.161770
2.685891
1.484799
2.871129
3.651496
0.621771
4.940793
3.784353
3.260912
2.267422
1.218380
2.290381
1.781617
3.749397
0.857095
3.899874
3.560119
0.976618
3.945373
1.660781
4.143997
0.776503
0.227182
4.051104
3.621301
0.770281
3.427532
3.999156
3.520916
4.265912
2.403920
2.682687
1.951803
3.888719
0.553816
0.603299
4.510490
0.494609
4.387652
2.771402
2.762030
0.606031
0.061783
4.543647
4.355429
0.918878
3.443521
2.915548
1.895496
2.388895
4.576329
1.039493
3.165398
4.803511
0.090597
1.786699
0.573791
3.518129
0.785854
4.094708
2.784041
3.189775
1.777395
4.735843
2.078494
2.331211
0.339142
1.588984
2.825820
4.726794
4.360387
0.587850
0.332825
4.422170
0.131498
4.688254
0.341048
3.575019
2.603802
2.236543
0.963914
2.180131
3.276036
4.129311
1.983642
3.366633
0.916010
2.557433
1.884762
1.701865
1.652141
4.668803
4.891640
3.429536
4.404647
1.970134
0.760747
4.743789
3.559118
3.586567
4.470583
2.919504
4.174417
4.803408
2.341674
4.305915
4.491662
2.682722
2.880934
2.095464
4.919265
3.844848
4.275595
3.195301
2.974159
1.259236
1.561935
3.890169
3.816670
3.446697
0.592034
0.468811
3.115500
0.483673
3.898347
2.520147
2.453807
4.659094
2.263936
1.012925
3.245661
1.734518
3.932429
2.420078
1.537926
1.274104
1.725993
1.029588
3.956825
4.606927
3.125052
3.876090
3.451775
2.400647
2.071392
1.425934
3.659883
3.633326
0.316103
2.476553
2.080023
0.908137
2.945364
0.195523
1.391810
1.843711
2.715670
3.845617
1.502805
4.979606
4.858542
4.748465
1.714124
3.790972
2.168544
3.252050
0.065075
3.894537
4.281639
4.021901
3.501464
2.406691
2.897991
1.953238
4.807338
4.969383
3.379172
3.467221
3.602709
3.695275
0.943774
0.682732
4.603412
3.889138
0.878256
0.995222
0.732849
3.593926
4.840839
2.235654
3.573532
4.699382
1.984119
0.287656
3.490353
4.152663
3.539706
3.555429
3.047199
2.821345
2.577329
1.548663
0.228036
0.475320
3.501901
0.035374
0.444702
1.881074
3.502595
4.047411
0.576348
4.446369
4.730143
0.179760
3.335507
0.608399
1.174982
4.068356
4.202325
1.015821
1.304010
2.775857
0.715203
3.288129
3.063512
4.205556
2.440791
1.603219
2.760985
0.487990
4.424564
0.338314
2.036654
4.652600
0.813634
0.538555
4.687973
1.258336
2.419629
3.190568
0.305748
2.995977
2.636938
0.035891
3.175737
0.972445
0.644290
4.350719
0.040801
4.846615
0.366541
1.344811
2.622472
1.081744
4.632940
0.685984
0.287300
2.073731
2.289203
3.048285
2.561721
1.713766
3.386599
4.598375
1.366366
4.200232
0.136930
1.054339
0.458569
2.556558
4.244908
0.764316
0.552536
1.881845
0.800207
3.728273
2.854290
1.444497
3.078992
2.895091
1.291113
3.445533
4.239902
3.913584
4.527276
3.872841
4.599569
4.814576
0.946572
1.888771
2.862861
3.508294
3.602538
1.249459
3.106668
4.968903
0.449692
3.243598
1.023242
0.908260
0.800157
0.268150
1.672576
1.352692
2.149995
2.472784
0.080965
0.004285
3.917281
3.159957
2.899376
0.208394
1.605490
2.139278
4.121978
1.132766
1.012119
3.721546
0.947342
1.958691
0.610318
3.810203
0.466985
4.212855
0.059662
3.573653
4.181759
0.509354
1.817252
0.205001
1.417614
2.617409
0.473151
3.090190
3.970101
2.623146
0.562974
4.051066
2.627431
4.480255
2.211023
0.526806
4.688648
3.816513
2.666084
3.810626
4.949279
3.678203
2.532173
0.896621
0.636895
3.142491
4.706823
1.103880
2.355346
4.766486
4.677533
1.537104
0.275839
1.494785
1.742105
1.693453
4.112194
2.215256
4.783644
3.082295
4.838402
0.346617
2.133361
2.465832
4.826872
4.344384
2.992639
4.515521
3.160896
0.658723
3.326147
3.110175
4.336926
0.858320
4.006796
4.973821
4.000810
3.713619
1.077700
1.356156
3.480105
0.755233
2.893260
3.755944
2.250018
4.635366
0.449398
1.362212
1.850622
0.233041
4.444506
1.689023
0.579659
1.577867
4.154856
0.406531
0.922251
2.147494
4.922051
4.083147
2.806217
3.248198
2.193322
2.143143
4.106518
1.200118
2.116964
3.107328
4.913737
3.194664
4.463484
3.393842
3.949897
2.356744
2.149786
1.199915
1.992110
2.599183
2.562127
3.842731
2.832225
2.006633
0.531755
3.411883
3.584500
4.686610
3.818414
4.506750
1.834105
3.740465
3.589897
4.640322
1.988663
0.783219
1.783465
1.095181
1.983337
3.900429
4.202509
1.897074
2.095093
3.665993
0.290915
1.044990
1.022737
2.440701
2.244905
3.014846
0.039885
4.807032
1.857578
2.872109
1.813665
2.389332
1.283992
0.398164
2.075942
0.102406
4.904914
3.910047
3.842871
3.494811
3.550369
0.831535
4.278031
0.333834
1.926716
1.261367
4.234263
1.129225
3.158441
1.329356
4.795217
3.449357
2.374346
0.817954
0.890058
4.619251
3.832801
0.929943
4.426283
0.690378
3.802052
1.239948
3.079710
0.086044
1.638112
0.155652
0.188450
1.543026
4.065699
4.031322
0.037838
2.616068
4.862856
4.315868
2.949902
1.789572
0.577236
2.184165
2.918797
3.735677
3.513520
2.714014
2.185034
0.887866
3.531969
3.075092
0.507117
2.364769
4.005034
4.933400
3.055147
2.807086
1.173348
1.134857
2.893130
2.811461
1.290510
3.081580
4.354487
0.356209
2.112902
4.392325
2.972277
1.975758
3.708193
0.922179
3.765330
4.285429
3.106344
1.684127
3.021106
1.619864
4.398142
0.206140
2.507730
2.930110
3.281231
3.014847
0.294879
2.286266
2.948248
3.350027
0.093352
4.121596
4.484884
2.986481
1.933057
0.775394
1.068062
1.287544
1.131603
3.180963
0.679869
4.103880
0.156722
4.388062
0.026059
3.922052
3.673491
3.132403
0.606179
1.694597
4.752267
0.004321
1.900737
2.259997
2.934432
0.181968
0.274844
3.229311
2.468234
3.223092
1.579338
2.561585
2.344688
1.064222
0.548067
4.277745
1.839616
1.616129
0.565288
2.971219
4.797092
1.245157
2.075099
4.953814
0.633219
2.101158
3.875866
4.306710
0.233562
4.482045
1.001307
4.985829
4.486366
2.902044
2.245825
2.420798
3.084012
2.520670
0.650109
0.552246
0.743762
2.229446
3.113831
3.088450
3.293668
3.661898
2.366194
0.133284
0.278027
2.931483
3.104502
0.075119
4.176640
0.179601
0.028932
4.809859
2.280760
3.904798
4.116569
2.514321
3.386843
0.117876
2.500150
2.873209
3.019919
4.745975
0.294006
1.103931
2.266645
0.944115
1.656177
3.010406
3.173561
4.770009
1.098856
1.467229
3.431907
3.465050
1.600513
3.709934
1.396533
4.705015
3.785053
0.573173
4.884616
3.813985
0.383032
2.165376
2.718783
4.499600
4.679697
1.105626
4.617476
2.179847
3.978834
2.637395
1.925822
4.272841
3.741327
4.192467
0.216955
0.397504
2.202873
3.390517
0.167513
3.301729
4.857746
3.599420
1.766779
1.458258
2.309353
3.163313
1.163273
1.094406
3.736486
1.047889
4.908391
4.119518
3.213265
2.627174
3.619118
2.892962
3.732799
3.236594
0.072808
2.711634
0.873989
1.998630
1.984474
4.615316
1.191096
2.201430
0.012820
3.393969
0.591946
0.180333
1.695698
0.449692
3.779752
3.462478
1.907950
1.089105
1.625791
3.071224
2.183511
0.362276
4.119113
2.091902
4.481794
2.332377
4.719076
3.100912
0.225339
3.451875
1.337507
0.298147
1.163508
2.211496
2.296777
3.147983
1.826812
3.487873
0.349412
1.839632
1.881843
0.941359
2.019965
3.577541
1.391051
0.799717
2.040019
3.299001
1.888822
3.665810
1.370225
4.072334
4.028086
0.489338
1.164236
3.509880
2.821715
0.883311
1.610793
3.047054
4.335186
2.948299
3.345201
0.498695
0.159795
0.641978
3.646677
1.986608
4.129852
3.996090
3.826240
1.011694
4.937449
0.846205
4.589235
1.328499
1.645922
1.629255
4.627501
3.534744
0.295064
0.997725
2.607078
4.323150
1.487063
3.771314
2.833031
4.308778
4.654625
4.443823
2.355832
3.989812
2.392123
0.701033
4.488506
2.551918
1.343011
3.135184
4.538526
0.472863
2.131273
3.364766
1.484557
2.068722
4.210971
1.073792
3.397221
0.856893
2.703047
3.024722
4.391637
2.998111
4.022448
1.998716
2.321261
0.509510
0.770029
0.154292
4.818288
0.424655
4.598115
2.174120
4.414466
1.990238
2.875153
3.902973
4.542157
4.218165
2.038156
4.080683
4.691027
4.169430
2.445449
1.175584
1.238152
1.656420
2.249377
4.635373
2.513313
4.952424
2.660095
1.904950
2.950535
1.682543
3.903665
0.271796
2.192053
4.673695
0.426088
2.010342
0.098349
0.024204
4.184462
4.512816
2.014442
2.059615
3.415788
1.556599
1.277780
0.453944
0.637281
0.968808
4.623374
3.082730
2.144392
0.861526
4.739150
4.393769
0.496899
2.252462
4.346192
3.156994
4.157412
2.296727
4.839537
3.061077
2.568523
2.031590
2.734772
2.994611
4.041932
2.833122
3.018815
3.226394
2.345937
0.033257
0.286009
0.761726
1.589856
1.563790
1.215670
2.227137
2.532597
0.839044
0.309868
4.676989
1.700570
0.049017
4.070757
2.197469
2.301480
3.416950
0.354463
1.458892
0.713677
0.194000
4.519969
3.282200
2.225591
2.254741
1.276812
1.267522
0.087863
4.295627
4.493916
2.433801
4.328884
4.779926
3.195526
0.918740
1.343715
4.411196
3.145878
3.876312
0.250241
3.455745
3.553301
1.950811
3.504763
2.624059
4.148280
0.806242
1.041008
4.502743
2.265134
1.754685
4.696743
1.785103
0.036885
1.922334
4.039845
1.313697
3.189856
4.127708
0.609324
2.683773
1.561508
4.938208
2.463698
4.757034
0.856948
3.807414
4.168231
4.002825
2.683726
4.418471
2.458570
1.237027
1.369282
0.963333
3.861086
0.517561
1.769575
4.902094
0.020304
4.034709
1.656780
4.717048
0.819812
1.693665
1.639382
4.859657
3.007362
4.829238
3.987365
3.616685
2.513011
0.548873
3.554893
4.976709
0.305907
4.411840
3.784123
4.474138
3.414666
1.467849
3.892609
0.873236
2.704876
0.261891
1.836569
1.565962
0.779453
3.606144
1.468056
0.799757
2.640853
3.124835
0.516805
3.460666
4.818500
2.156187
3.320323
2.825862
1.985425
2.307687
1.442547
4.498436
2.856560
4.997440
4.475145
3.162468
4.409280
3.259267
2.636606
2.823946
4.727116
1.529215
3.697182
2.431992
1.791106
0.533751
3.997953
2.570559
4.139895
0.466009
3.370316
1.780749
3.590844
3.887120
0.241414
3.409344
1.043307
3.561737
1.235206
3.028732
0.869425
2.677753
2.527167
3.725985
2.675192
2.002312
1.888453
2.084472
0.261579
4.525059
4.908418
4.988695
1.054274
3.605600
2.420687
2.845380
4.139351
1.418640
0.415938
3.279246
1.884649
3.786254
0.059994
0.475493
2.673375
0.301409
3.884837
3.716682
3.863146
0.120043
1.745413
4.732570
2.797796
4.272581
3.458555
0.472988
1.274893
0.347008
2.557461
1.536472
4.872067
2.465879
1.525167
0.926340
1.071479
3.945854
3.771720
0.210829
0.364494
4.187659
3.490075
2.249143
2.973913
3.550069
2.724636
0.647287
3.851478
1.609473
4.363969
2.714624
1.729516
1.109382
2.447194
4.527312
0.381963
0.905750
0.000300
1.656856
1.252758
2.557761
3.193328
1.124825
0.023640
4.718495
2.051165
1.095118
3.664349
0.822885
1.305948
4.028843
0.010544
4.796023
1.277986
2.984457
3.346092
4.002622
3.631744
2.197570
0.612094
2.995713
4.912194
2.341611
4.105095
2.359389
1.868923
4.487058
3.265139
1.869223
1.143914
4.517897
4.426984
4.337242
0.642721
4.450624
4.055737
2.693886
0.545742
2.720087
3.516772
1.851689
1.748930
3.527315
1.647712
3.026916
1.511772
4.993804
2.029537
0.143516
2.191375
2.641632
3.139228
2.103569
4.983242
2.244323
4.462958
1.852165
1.731381
2.728096
3.721388
2.875295
2.245993
3.148372
2.212537
2.888714
2.598995
1.268275
0.582600
3.144737
3.988361
4.099372
4.996427
0.737291
2.626687
1.644139
3.764207
4.138459
1.637943
0.793744
4.281975
3.829318
3.435376
2.421204
0.932887
3.418618
4.665527
0.395845
0.270783
1.396908
3.123941
3.992171
4.272204
0.369934
2.140543
1.484741
3.258648
4.739538
2.753015
3.841248
2.884275
1.741377
2.940620
2.880702
2.478668
0.567307
4.524841
1.242874
4.705767
1.162784
2.036619
3.987742
4.992102
0.471995
1.408945
0.924989
3.890613
1.074472
1.320834
4.161396
2.471381
4.444775
3.153568
1.743584
4.814709
0.294110
3.228325
3.073357
0.033649
0.981341
1.914605
2.917924
2.722717
4.855225
0.798626
0.201385
0.422532
0.323468
1.444259
0.128299
1.486252
3.480878
4.116041
1.478354
3.952873
0.524987
2.403344
2.843486
1.599459
3.724177
2.004882
4.070840
3.168952
0.158450
0.814424
2.983661
0.452560
4.042749
1.057018
0.486209
0.024090
2.971623
3.404133
2.746807
2.826848
4.202760
2.948192
3.249380
4.526227
4.392451
3.377680
1.012479
2.873329
2.493721
2.490834
1.826202
3.018707
4.894177
4.669688
4.618166
3.618355
1.674570
3.689006
1.787307
1.833020
4.503430
4.770968
2.285581
3.546179
0.827986
2.771790
3.570269
3.799609
1.175923
1.317076
1.626457
0.378683
4.265268
4.875838
4.904910
3.657719
3.253517
0.917390
1.531048
0.747238
3.408223
3.357250
3.765945
3.302401
3.026938
3.384112
1.920755
4.701509
2.073118
3.708062
1.534529
1.576548
3.479030
3.820110
0.122727
4.307017
1.591900
3.692996
3.106626
2.767823
0.010072
4.733083
3.146506
4.275340
4.608920
3.051416
2.933059
2.862437
3.968806
4.464108
3.609675
2.377029
2.821358
2.375621
0.679430
0.848296
0.759732
2.600185
0.549805
2.832850
1.308247
2.084334
4.409398
4.787278
0.904444
4.532125
4.094294
2.496344
3.225121
2.200920
0.264167
3.235193
1.934003
3.410673
2.510533
1.542923
1.462089
0.443592
4.405361
0.430895
4.907700
3.015036
2.807925
2.729058
0.390657
3.487354
3.577354
1.150389
1.087540
4.127159
3.983239
2.395787
1.211493
3.392636
2.183065
2.115937
2.924761
1.277359
4.612280
1.149882
3.478279
4.876447
4.385075
0.412282
3.287120
1.895608
1.955205
4.749209
2.339200
1.360566
0.180105
2.246900
4.375602
2.988029
4.975958
4.766259
1.475384
3.553312
0.916648
2.562923
2.680471
4.899887
4.958710
3.891963
3.292523
2.141775
1.007900
1.217284
3.419134
0.620180
2.367166
1.897413
0.496627
1.752240
2.309695
3.783747
3.647848
4.264900
3.532956
0.987048
0.625466
3.713061
3.233947
0.001068
1.701090
3.209905
4.767327
3.176474
1.763217
0.683975
0.739397
4.443687
0.583862
0.698107
3.335651
3.876385
2.839881
4.343551
0.093669
1.259015
4.963731
2.460834
3.156428
0.460358
4.213075
0.466123
4.244105
2.860922
4.731023
2.777061
3.847970
0.356490
1.490122
2.081917
0.357558
3.191212
0.291822
0.124886
1.367685
2.055039
0.808861
2.107082
1.498726
1.392723
2.805189
4.834377
0.269107
0.645070
4.177928
0.362776
1.904086
4.141658
2.823610
0.060514
4.602016
2.036685
0.526637
3.846121
4.897607
0.257660
1.623182
3.745577
0.614150
3.113304
0.827495
0.971708
1.304515
1.119317
1.096594
2.672201
3.174356
1.905455
4.779283
4.673083
3.298177
2.584472
4.507460
3.567285
3.229543
3.685387
3.930061
0.133628
2.827046
1.753671
0.194142
2.429062
3.790356
0.720779
1.275182
3.687963
0.978439
2.898364
2.433540
1.592589
1.011668
3.261035
2.564298
2.316183
4.380352
3.660892
4.988384
2.554708
0.566346
4.767667
2.227790
3.864524
2.352140
1.735250
2.431808
0.581682
0.420637
1.361869
0.715311
3.247683
3.115540
0.909453
0.676744
1.905896
1.630232
1.951927
0.593859
2.608671
4.850291
3.027399
4.201260
0.861959
1.288434
1.765558
3.178142
0.668786
0.426450
3.166527
3.223493
0.992796
2.934194
0.451284
4.857320
0.286334
2.186534
2.289128
0.868016
2.607171
3.650997
1.583327
0.854854
1.766537
2.492779
1.531598
3.672433
4.123011
3.483525
4.266292
1.731682
3.333816
2.293691
0.932942
4.195775
3.582125
2.698500
2.373918
4.250911
3.124950
0.540444
2.474404
4.117746
3.474639
2.925688
3.975066
3.760972
0.112222
1.264194
4.628988
2.719393
4.915191
1.212315
3.574247
1.681729
3.705094
0.105845
0.354162
2.828105
3.589370
4.620454
4.559787
1.923186
1.914145
0.492729
1.118961
0.496270
3.191229
3.492878
4.747181
1.316179
4.033323
2.221586
0.433925
2.507961
0.147274
4.408990
1.268933
0.259496
0.673185
0.897922
2.978889
0.588376
2.110237
1.553135
2.270104
0.815331
1.658980
2.624266
3.643436
0.248350
2.244720
3.203223
2.171535
4.158865
3.695951
3.290496
4.655135
1.887180
1.783374
4.402317
3.203359
0.816697
1.623903
3.637283
3.324658
1.771177
3.046274
4.593591
2.030673
3.719458
0.491513
0.009561
4.307834
2.601750
1.562697
1.577939
3.417081
3.221677
4.202205
2.060517
3.470027
1.446925
0.263740
0.641562
0.605790
3.959691
3.932058
0.260925
0.846871
0.715432
4.663242
4.050230
1.532129
1.287144
2.687513
4.856787
3.058321
0.733787
4.450378
0.088994
4.453246
4.941891
0.098555
3.761080
2.543641
1.661252
0.339019
0.960722
4.882929
4.541224
3.021239
3.352956
0.988149
3.284979
3.994518
1.593938
2.244670
2.926576
1.854863
3.091541
3.642008
1.518105
2.141771
0.174137
2.805250
4.829285
0.030924
0.863571
0.563072
4.481302
0.952564
0.016318
4.423193
1.051120
3.777398
1.966834
2.712372
4.116417
2.927556
2.595301
3.657641
0.948795
0.948257
4.645790
4.233774
4.942775
1.239728
1.478444
2.869352
3.094591
4.569986
1.511360
4.612696
1.711757
1.685497
2.417946
1.541042
1.716421
3.281517
2.104114
1.197723
4.234081
2.120432
0.620916
0.285201
0.897830
2.587750
2.997573
0.014247
0.515306
0.592874
3.671888
1.464102
1.541131
3.317678
0.697876
1.483906
4.557405
2.176321
4.353258
2.651997
1.746306
0.864618
2.264693
3.458063
2.550115
4.682639
4.999105
4.266536
2.964155
2.103219
0.464259
2.198237
4.223651
1.085175
2.483437
0.121481
3.672925
0.481010
0.135728
4.188231
1.073884
3.807616
0.652333
2.615015
2.125294
1.350210
4.098922
1.682699
3.526530
3.452180
4.334696
0.272837
4.316798
1.599389
3.730900
1.866913
1.282027
3.730005
1.133449
4.246183
0.833224
1.597708
1.444419
0.056875
2.682883
3.927857
0.178356
1.355809
4.408867
0.314084
0.544040
0.482751
4.121700
1.196373
3.097766
1.246994
2.546583
2.196688
2.929693
1.073113
0.648868
2.264389
1.345950
4.965665
3.863778
0.076850
1.832578
0.145805
3.806855
2.966027
4.391988
4.640079
4.563735
0.836407
4.696954
2.246619
4.764264
4.875310
3.602427
4.173131
0.189394
4.146468
4.655882
4.311095
0.342841
2.753648
0.558089
2.889424
4.950336
3.487782
3.962537
0.599204
0.752171
0.308486
0.564870
4.615949
0.385336
2.397448
4.761754
4.192191
0.363475
4.153741
3.832270
4.927211
4.990148
3.529224
2.173830
4.754412
3.404534
0.776257
3.927542
3.593928
4.922725
3.583424
2.905023
0.265566
1.337073
3.463112
3.154989
1.287409
1.950894
2.117526
1.886613
2.703065
2.426013
2.451483
2.319014
2.811349
4.848931
2.080768
2.003540
0.212406
1.234509
0.835809
0.139617
1.224657
4.365033
2.313447
0.979069
2.769567
3.089704
4.906612
1.363495
3.012429
3.490036
4.268518
3.277994
4.827108
2.731629
1.432984
1.114517
4.682523
3.550510
3.001131
2.385588
0.976523
0.452614
4.704602
3.787871
0.301545
1.785370
0.791411
0.513951
3.019880
1.627220
0.653569
4.244537
0.992253
2.967015
0.223606
3.761820
1.056719
0.130218
0.125315
4.069148
3.620254
4.393833
2.347142
3.447362
2.125462
3.780126
4.561880
1.807985
2.330636
2.563010
4.193574
3.307158
3.015624
3.898176
2.095030
3.317169
0.683547
2.886441
3.831120
3.703426
4.513661
4.484689
2.947963
0.505914
2.451704
3.171569
4.267734
3.508424
3.301787
4.393048
2.577572
1.922041
3.786881
4.924714
0.369403
0.912343
3.704840
4.931283
2.720328
1.035476
2.494293
1.913902
4.342634
0.509917
0.812078
1.437664
3.827086
1.495625
4.324104
2.658206
0.199051
3.837765
2.142895
3.147014
4.343679
4.594599
1.318584
3.611413
3.103023
4.620371
3.004461
0.680595
1.542412
1.791342
0.605309
1.911815
2.703685
4.310149
1.843098
0.424014
0.345624
4.337392
2.337916
4.688258
4.847309
3.149995
1.125922
3.674395
4.645619
0.450026
1.332601
4.844671
4.287792
3.475496
2.991685
3.631471
3.070095
4.310268
2.242884
1.173118
3.930639
0.247345
1.853713
0.473051
2.038688
2.459022
2.384867
4.742373
1.769171
4.227965
0.166387
2.114795
3.565356
2.504303
1.803053
3.412665
0.654298
2.928975
2.087060
0.299917
3.379001
3.419660
0.144588
2.666793
1.895156
3.136272
1.298264
4.965251
2.446540
3.541148
1.138370
1.377179
3.788493
2.992083
1.850231
0.827181
0.451105
4.235097
0.569554
2.220276
3.463062
0.735941
4.335071
2.028418
3.240244
1.138124
0.441083
3.894541
4.067099
2.528143
4.194458
2.446100
0.947803
4.339046
0.112893
2.842959
2.475318
1.411157
2.808211
4.921858
4.952305
3.946580
1.299038
3.740798
1.938663
3.149268
4.567979
2.389768
2.384366
0.137533
4.610044
0.847428
0.873474
3.945114
2.875846
4.113717
0.083238
3.316929
3.008258
4.150337
0.845072
2.202717
1.596437
1.792876
1.541762
1.709330
4.635835
4.017080
3.120487
2.444046
3.938939
3.072792
1.390626
0.237977
1.813590
3.329290
3.387245
1.381570
0.719058
0.771611
1.519102
0.329102
1.619039
2.392576
4.274216
4.494885
1.506293
4.357454
2.811814
4.514551
3.507791
3.656887
1.717268
0.104228
0.449762
3.259031
1.813557
0.085598
2.276111
4.934044
2.529643
1.215050
3.006836
3.920270
1.453027
4.820426
2.249560
4.840272
1.201996
2.968617
0.611883
2.721098
3.297719
2.230922
0.113674
2.571935
1.725806
1.619967
1.929390
4.537620
1.134519
0.437180
3.194507
2.851787
0.541408
3.644269
1.110818
2.354965
3.729867
3.386929
2.289009
1.259510
4.601979
0.295845
0.179780
1.055006
0.116272
2.429340
0.895278
1.318268
0.397957
1.507161
4.039366
3.695676
3.738083
4.153040
1.267612
0.463889
0.773007
3.197001
0.001509
1.907526
3.634182
3.196016
4.759313
4.175590
1.840286
0.870131
1.530555
0.570152
4.257059
3.819564
1.829663
3.859038
4.115409
2.009443
4.914044
4.231681
4.438783
0.809321
0.549948
4.836740
2.316482
4.589314
3.532416
1.054565
3.742354
4.800028
1.518454
4.515362
2.997029
1.519963
1.422888
1.631211
4.715980
1.182201
0.806801
1.556265
2.052332
2.337356
2.126418
1.309392
1.156919
3.956080
0.168430
0.272329
0.965523
0.082473
4.504009
0.404306
0.891795
0.053958
0.241046
3.208277
4.643272
3.773462
4.262842
3.385626
3.573490
0.781296
2.900988
1.570520
2.301260
4.323876
3.201731
2.017239
0.506077
4.008531
3.573504
2.558409
1.345887
0.699922
3.867801
2.502806
4.656002
4.036231
2.775135
0.621526
4.118704
2.279144
1.025832
0.010499
2.333102
1.266877
3.218776
1.976374
0.040340
2.481619
0.362000
3.613830
3.262915
3.262988
0.184349
0.564175
2.586864
3.386080
2.581414
3.092941
2.394612
1.154918
0.651351
3.740499
1.854840
4.519152
1.243305
1.510842
3.555382
4.018440
2.132368
2.674087
1.297584
3.158199
2.684586
3.630687
4.425077
0.903362
0.607061
4.465416
3.384981
0.969061
3.079246
1.647896
4.232049
3.263596
2.212070
1.818913
1.649676
4.793484
4.911854
4.044287
0.948402
0.563205
2.784786
2.803242
0.082356
4.028091
4.314084
3.637739
3.046531
1.446452
1.311825
4.344115
4.604651
3.996411
2.974802
4.029728
4.899773
3.581863
3.495144
3.284754
4.550924
1.574390
4.932650
3.782973
4.837985
2.144720
0.601886
1.487661
1.938204
0.513740
0.531948
2.886606
1.076945
3.316734
0.689847
1.159302
2.344825
0.003931
4.797041
0.391355
1.450383
1.108866
4.735471
1.055034
0.105277
2.710273
0.084762
0.005050
1.292135
3.579906
3.289804
0.843059
0.154295
3.222453
4.626032
4.992281
0.367173
0.227918
1.479942
2.305377
0.741658
2.011890
0.191982
1.818604
0.328624
0.881830
2.977905
2.673449
0.885761
2.774946
3.064804
2.336145
3.883812
2.800275
3.391179
3.989089
0.510548
3.475941
3.994139
1.802683
2.055846
2.283942
2.645742
2.210142
0.506395
2.271774
2.202422
0.873568
2.499691
3.682364
3.178945
3.241350
0.694254
3.370928
0.059953
1.022879
4.252758
3.037859
3.696328
0.138519
0.812805
1.761132
2.474664
4.696617
4.561407
0.865843
3.685706
0.071955
4.341783
2.679844
1.874638
1.397629
4.963787
4.520379
3.607771
0.470182
1.792153
0.810193
1.343751
4.291844
4.492557
4.522696
2.533194
0.186812
2.893623
2.593147
1.209690
2.146381
0.631006
4.906018
2.284900
1.443811
1.667150
4.759564
1.140428
1.228557
0.625406
4.826134
1.300512
4.967189
2.505978
3.175149
1.364819
2.469765
2.695528
4.972589
2.939947
4.487681
0.782782
4.283697
3.779526
0.275340
3.806393
1.312720
0.462151
1.700017
3.905867
1.671842
3.846398
4.536873
1.577859
1.131298
0.980684
3.245009
0.890861
2.121112
4.473566
1.516268
1.947246
0.774078
1.483457
4.453224
3.949227
2.848275
1.922989
1.644756
2.820865
4.862936
1.132437
3.603647
4.146633
4.911963
3.878987
2.953026
1.224682
4.341138
4.653043
0.130549
1.012980
3.499440
4.667422
2.590840
4.630738
0.648107
0.835849
0.521599
2.769219
0.309415
2.037867
4.716465
1.083493
3.521324
4.169689
0.032720
1.369599
1.092678
1.677476
4.190464
0.955614
2.809912
2.794111
0.102247
2.721875
1.673098
3.055273
3.946557
1.014237
2.708316
4.077106
2.027217
1.207757
3.744529
4.618056
0.838495
4.392635
0.453905
1.360094
2.161854
0.763320
3.397961
1.878319
1.846813
1.919285
1.048008
1.879533
3.288884
2.140687
3.557009
2.479348
3.096300
1.366921
0.273459
3.198547
4.088796
1.946557
1.253821
3.035353
2.960794
3.962137
2.112460
4.988010
0.169894
0.856988
4.606067
1.008389
0.249624
0.059972
2.368483
2.411478
0.823292
0.766443
4.289798
2.670105
2.685728
0.337806
4.549638
0.974612
2.478493
3.106647
3.453959
0.574793
4.473568
3.727418
3.773340
3.562364
0.673975
0.027161
1.597717
3.634769
3.989299
3.710177
3.622780
4.159192
4.567165
3.228846
0.167581
4.816789
3.288818
2.536064
2.228267
4.112109
3.302507
1.518065
1.782214
0.988235
1.855871
1.331852
1.962847
4.334363
4.438499
0.416806
4.909156
3.912067
4.144224
3.682497
2.474431
4.818200
3.709658
4.072148
3.452969
2.698957
2.782325
2.075748
1.858149
2.349490
0.304594
2.025730
2.166278
3.593412
4.561794
4.394545
2.705522
2.864301
0.912610
4.487736
3.852536
2.768481
0.819588
0.815382
2.102844
0.258087
1.232188
2.012001
4.170154
0.376412
0.694498
1.644585
0.194612
4.404156
0.716733
3.647581
2.103112
3.499057
0.723329
3.961262
0.848547
1.027923
0.986992
3.014825
4.621335
0.548786
2.409370
2.326857
3.413086
3.321980
1.814593
2.265622
1.090461
2.634181
3.081004
3.193305
2.892268
4.313192
0.205306
2.062422
4.689605
0.899803
3.707006
4.884216
0.303959
4.423739
3.531797
2.407072
2.922796
4.255126
1.368333
3.771342
0.283049
2.355325
1.786167
4.904384
2.904111
4.195538
2.231241
1.317197
2.517518
4.045834
3.582819
3.607979
1.680014
1.663824
1.801284
4.572282
0.977016
2.006590
1.634704
0.666621
2.906393
0.341710
0.550837
3.210352
4.765449
4.082634
0.617424
2.688245
3.337760
1.985757
1.459587
3.620809
4.341082
3.245755
3.525193
2.245193
2.441292
0.756434
3.562390
4.958810
4.802268
2.145210
3.566789
1.482282
3.809033
0.368073
1.054564
4.786050
2.374663
2.689268
0.452670
0.281056
3.030978
1.003508
3.491409
2.796427
0.086142
4.108833
0.484672
3.423902
1.094590
1.944260
2.044711
0.435672
0.190014
0.569904
2.680865
2.631307
1.326338
1.243255
2.590117
1.128606
3.388465
1.156906
2.610888
2.197498
1.524979
3.665452
1.983548
3.899642
1.354720
2.436218
4.180699
4.385698
3.439726
2.672107
2.182125
3.525868
1.780940
2.666797
1.949770
2.875530
4.611057
3.994480
3.311202
4.801071
4.564384
0.992067
2.432378
0.890722
2.235322
0.022495
2.019328
0.623787
1.179401
4.630216
2.821285
2.704380
3.295668
4.804833
1.604022
4.650387
2.241051
0.784721
4.036085
0.680776
3.456828
1.218210
4.206644
0.237769
3.885007
1.156414
3.113298
3.496064
0.150894
1.424500
3.297135
4.715279
2.416567
0.729513
0.606001
4.651889
0.752008
2.625329
0.275676
1.931409
2.255545
3.096961
4.635789
0.551213
2.901794
1.239811
0.201600
0.142844
2.024532
4.237685
0.823621
0.481360
0.455896
0.030265
0.719129
4.340903
1.186679
3.832427
2.836967
1.337573
0.256927
1.134103
1.052852
2.673495
1.863616
1.658853
2.325384
2.615624
4.284182
2.601060
4.547033
1.539727
0.698021
4.182822
2.090939
3.599815
0.422633
2.292539
3.742660
2.447165
1.530225
4.566280
2.928525
1.986120
4.596546
3.647653
1.327023
0.783225
2.480081
4.163991
2.120798
2.737008
0.298094
3.173650
0.410503
2.161710
4.832502
2.735887
4.777334
4.116684
0.336947
4.324367
0.656411
1.034968
3.507189
2.747350
4.634783
3.929822
0.039889
3.377443
1.376987
1.570114
2.943723
4.305512
3.556234
2.540269
2.953165
4.883258
3.323494
0.433246
4.047249
0.444291
3.170254
4.345342
3.617941
3.580756
1.507052
3.450443
1.316643
1.284387
2.567127
1.653590
0.608754
3.223538
2.688558
4.115943
0.970888
2.323342
3.045766
1.010777
0.700785
4.422752
2.580891
3.644508
3.728264
1.137125
1.184777
1.681429
1.020383
4.508271
2.114674
0.067631
4.952562
0.284928
4.412974
3.570503
3.865684
0.920026
2.020946
0.182327
2.204412
4.588073
1.835918
2.813166
2.811611
4.524476
1.929110
3.782498
1.847818
4.974876
4.793275
2.548603
4.397628
2.374166
1.193111
3.125892
3.511291
2.377888
4.807321
4.531674
1.886159
1.921995
4.599305
1.838721
2.206923
4.012278
0.409224
1.072608
4.932304
2.430170
1.254935
2.136717
2.018244
3.090853
4.949883
4.829854
2.615329
1.878993
3.612353
4.463147
1.853869
3.405628
2.011750
1.251497
0.779794
3.204861
4.377389
4.291085
0.582749
4.184710
3.822759
2.468909
1.106705
3.422064
4.307630
3.313629
2.434342
4.716854
4.386236
2.366646
2.147025
0.641172
4.503363
4.165268
3.732025
4.453246
3.995123
1.347354
1.332239
2.607475
0.810501
3.186108
1.013103
2.822251
4.437605
1.792897
1.027112
3.814994
1.083982
1.609861
2.999703
4.906741
4.078770
4.106408
3.328805
3.386400
2.420037
0.763147
3.103254
1.806273
3.129794
0.250279
2.447445
2.633157
4.415547
1.179470
2.086403
3.410669
2.526823
3.418642
1.018145
3.337324
1.604751
2.031248
1.159575
1.042356
3.824145
2.186686
